,0,1,2,3,4,5,6,7,8,9,10,11,12,13,14,15,16,17,18,19,20,21,22,23,24,25,26,27,28,29,30,31,32,33,34,35,36,37,38,39,40,41,42,43,44,45,46,47,48,49,50,51,52,53,54,55,56,57,58,59,60,61,62,63,64,65,66,67,68,69,70,71,72,73,74,75,76,77,78,79,80,81,82,83,84,85,86,87,88,89,90,91,92,93,94,95,96,97,98,99,100,101,102,103,104,105,106,107,108,109
0,0.0,0.0,0.0,0.0,0.0,796.9497508890271,3122.91221065925,1404.5148971079968,5118.048375767387,8154.36552641922,9339.328154500367,11193.680820236183,13472.910591323862,487.7379181653669,6074.99541544123,9437.40499431243,14585.192529406548,2413.6114425059923,11617.529230640665,3.710915647222779e-05,11627.263947080615,8534.882061457,22609.952111583647,11661.09792749955,21696.715438730527,26907.04266558075,18196.926960852696,9711.892993529329,8868.466118321072,11279.87066665591,10384.080703279436,3876.9670381826454,2910.050520046661,2958.1341394736473,31620.76269543284,29861.892407167146,53735.763187364835,39273.286935724216,25075.245520829416,37796.97961532074,13891.487575676458,21759.349612784394,18124.55714576744,32234.451546953293,25433.783618446883,42598.6705908732,34025.516558943316,39706.98832822758,22343.231366562653,20944.24371533081,32206.51121601269,20944.946093991373,23694.474864684922,20148.59808054244,12105.47079525277,20662.290195080805,42274.114022323374,40814.01394459623,55786.039453828744,48731.815862294665,44125.88961762929,14682.528376356087,18037.47658200365,13841.186676429514,34394.86934486537,14483.389500341054,26862.81194439389,397.5689215566306,14726.749394151377,11689.10970568808,4007.3353758050735,53969.4843059875,30102.27432347182,32499.171245203266,41499.43954661837,9063.595659730448,59270.19778026143,36916.98125168224,38857.9891110329,17976.65195851213,29312.27936410389,35451.3227532613,45745.27069095935,58211.63521635667,50573.78028216855,19973.905685836755,41739.879311433404,60483.25544911236,68848.75590482964,42280.025212843335,62737.33813574337,38970.57221760594,25169.5392335352,37629.42064972208,1078.128704168238,5445.603600588079,0.0,25279.12825064478,4046.2901377335497,0.0,5908.899606566321,8526.494706366246,12492.378374557326,31921.361233186642,10064.150574417505,41073.1187661213,19489.597855915457,8884.016101704701,26231.985105832115,14850.41264326637
1,0.0,0.0,0.0,2964.8398406027327,0.0,2214.8612133502174,3118.22950061596,5823.079593395665,7184.018562894298,10858.7928492537,12353.549696204122,12823.340770193749,14930.50386505591,2755.9005074219244,11136.677649873165,13710.741357076968,16643.98162567611,7537.6710303613145,13980.039517379622,1423.4066612301315,13983.89053995747,13740.284317274405,20246.943693171794,8787.560492328394,18929.928031035357,24425.176038034217,16191.086849852112,9260.196006912547,5912.765204937489,9937.267180681016,9477.653224077918,2405.688460060213,0.0,226.3133157972402,34735.52465950641,32565.330295682114,55915.25232032373,41834.382309365625,26948.728533739122,38983.080089311,15293.699102877124,20605.22080989617,21340.209701159652,31527.071123254183,25371.108632429383,44436.42282911434,36270.526426116405,41339.195769536746,27145.21361015487,24795.129737039897,37187.844428680095,25453.932085997727,28674.550082025562,25377.447451754655,17219.539299174845,23117.662898373314,46539.81178703662,45729.499397734944,61038.03702591186,53821.2571368202,49379.75044316083,19921.34790049608,23096.408839862735,18781.54521101005,39653.01288430429,11966.314217863239,25052.82673759078,0.0,13316.528509091908,8326.666609781729,1979.5879249166,51715.06100711571,27795.630919409505,29982.63533167033,39446.41986655669,7294.205715272431,57346.854569548545,34777.83295015576,38400.197718535346,16507.626791178558,28706.68744545573,34317.70322376085,44806.49858371059,57233.341610079115,50130.23089952209,21146.887539702668,41741.69030870358,59537.35743070145,67818.78651270088,40894.723592259004,62146.98224120776,38997.602980789976,26223.684050404558,38283.671211822475,4017.4542805303017,8856.577113676203,2403.5735885713448,27064.48295321622,6867.009749382286,2404.149092737378,10945.204332254516,9257.844278651444,13074.326573874647,32942.62542567674,12446.18429185917,45076.742208664444,16918.006872942984,6011.585181121238,23692.685393156746,14134.636279030192
2,0.0,0.0,0.0,10925.865260524377,8986.869229519662,11217.881359648874,12591.438990141904,12458.776219466443,16100.804889341613,19348.589628019552,12185.181055805513,10772.377759033332,12315.954339749092,1441.052628261353,13652.994098097617,14440.52125165203,15161.488142614595,10735.419756359372,12594.95979734303,0.0,12267.235662897336,16944.79598488838,28970.025945022382,15899.013289239962,25130.43574106842,32774.83584390086,25506.394240305242,18859.058079827966,12974.368154683145,19577.193202971102,19128.453347399594,11004.161535639589,5485.9577878919035,9880.546150659036,42711.62299653102,40965.50338247265,64921.2808912928,50423.89657423521,36125.50615478351,48440.632393218395,24625.62573018146,30230.21181318581,29214.44451200884,41174.148300695495,35015.58169887225,53658.20868817469,45208.280300008475,50658.24541537496,32213.853777251974,31963.921808620013,41276.017308700546,31750.62670234365,29183.857276268107,27737.152576157285,19134.71810736231,21641.25155285311,53117.62573717416,50838.081619450895,63772.94655129155,57313.88280121842,51315.07779018066,22780.263189336336,24327.834802809135,24215.456108549162,42250.61273463153,10428.227617540148,23958.582930291643,0.0,10235.257088346252,11971.43525261941,0.0,50230.627152457106,25475.486199957966,30748.329696425684,38139.67680206694,4419.33015118633,56631.795689649894,33398.9204501653,35100.37248504013,13472.825517590516,25415.01057651606,31150.76342249251,41579.45429770951,54021.71907188865,46829.61161385928,17869.67723159209,38278.37791361818,56319.300510966146,64626.188778160424,37845.183801585306,58859.51630301336,35528.043967689875,22860.5617869849,34785.59258135105,12055.745884845373,16501.093411494177,4620.098208938807,24707.752550452467,7063.662456537601,1770.3407186955997,16508.98683216848,5866.901697977336,22560.63031373005,42417.00931115002,21236.40756605116,52039.25870389797,18381.513948227665,8928.330869733278,21967.582821307627,10994.349366035065
3,0.0,2964.8398406027327,10925.865260524377,0.0,0.0,408.95593619228924,2336.304938188525,0.0,3491.414362830158,6610.569851297044,9394.622628787967,15973.638784946304,18662.68031003745,7271.832270191037,5714.511239660426,9406.244357062995,17176.409264337984,2194.20797872769,12071.203730479312,8621.910473328715,13824.227361439696,7887.617162207376,22754.301809095705,13407.159336070805,22208.901300069152,27227.834966456245,17803.616903523827,8736.876911889565,10780.53256860249,10484.802267183166,9510.696582495624,5021.924456451201,5439.780913129421,5021.129185554334,29880.796045020445,28221.015384337195,52260.59941694603,37683.25005206628,23628.480238507706,36322.18841202797,12415.776952745633,20715.08434912758,16383.67469358726,30925.029883976724,24129.994898908288,41156.94768633362,32562.047030666112,38248.765053833224,21021.993981866934,19286.56434700813,30955.111299343815,19561.940173095994,23221.537616671732,19368.093239250287,11560.889086692841,20914.046261460655,40805.28812920076,39537.69837730364,54792.6976535374,47540.26923479253,43237.85916071614,13893.152430812897,17488.689116656333,12560.704816554886,33470.91630767119,24451.00347818225,35491.64507327122,8262.746166260433,25629.00985630762,17535.533558038343,14966.790021157309,63302.43441380695,41053.36645813172,39460.49335649262,50246.57278221543,20158.603244822585,67225.12411779305,46140.16497326679,48175.37061540676,28579.693256653016,37492.8263094162,45848.48603396332,55804.92719594649,68236.42621101101,59726.190809707514,25856.78609223476,50007.2483524614,70408.64232253053,78935.5631031992,52917.97100153021,72089.33227604932,46395.07333733072,30803.403675094407,44166.738053454304,0.0,3692.6531016021895,0.0,27207.687068333198,3962.4707338129965,2269.4738054773484,4682.520896173293,14653.733781643903,11164.271966265409,30446.033678715066,8656.288253319166,39497.58693571333,26563.47875719045,15961.481264086928,36371.78555289293,24394.721287720964
4,0.0,0.0,8986.869229519662,0.0,0.0,0.0,0.0,2290.738113566145,3411.6790481145035,6782.974442582794,12760.963459577975,17556.869554800076,20116.95463351225,7467.836126305418,9743.35283156816,13134.680920963809,19526.698079258047,6093.006275801224,15093.663055921455,7571.449307953698,16174.226248254421,12035.4238363875,17824.292489193318,8096.417690401634,17060.620141144635,22199.81741398267,13285.748322088897,5520.948633285377,5899.144715499741,6529.714385572936,5927.774450267044,3.089966276894525e-05,3.0029831620689575e-05,4.425128120170847e-05,30653.4881862437,28506.943670648932,52170.53072191329,37851.46544424915,23254.38000794282,35093.128866658786,11536.373734783152,17266.193330962415,17269.927481126266,28124.367033069313,21672.176958444397,40683.79005455604,32457.58592291773,37533.51531565227,23594.05899438865,20749.483423784808,33813.71239111193,21649.203226317954,27335.89177869044,23457.648150208024,15691.456762113885,24108.261115899866,42547.78073195609,42220.37409310442,58463.12586134504,50595.84471637373,47156.739348522155,17994.276841414463,21640.23029709501,15530.046090881371,37342.737405171276,20351.281857587448,30264.9504059381,2732.185452994338,23729.547915072955,12012.543709906635,12469.554853240334,58345.77590158248,37585.14251910161,33947.17508661947,44997.108941505474,16935.89693752898,61780.426904910906,41180.3558361199,48206.33054808628,27123.900811020325,38314.946931599145,44955.822855885315,55337.016400178625,67807.87472709113,59878.20663750466,27247.077006958727,50617.59642599325,70053.64983960101,78436.56562039682,51490.6451047938,72133.08619912967,47536.61987148824,32375.681693450526,45543.26296776237,0.0,4824.282246890724,3325.118392915506,30200.865800090076,7371.877960640853,4880.824553427197,8043.19059917364,16381.042410525424,9155.490353344905,29038.12887740747,8490.038104592293,41026.670292201205,21104.38959680755,10757.363330579177,32209.21065521278,24326.69222383627
5,796.9497508890271,2214.8612133502174,11217.881359648874,408.95593619228924,0.0,0.0,0.0,1317.8531052215815,1811.8821360277075,5650.438138934893,14005.648215007324,19685.71927261884,22282.619730473347,9753.102893442674,10565.041002076776,14085.169659463809,21392.511323127947,6940.319287366384,16589.19666219093,9908.359248120698,18021.11177655223,12625.999208954849,19246.07720376731,10573.525926679044,18772.868806234826,23737.22986336375,14272.898221656613,5338.406381649069,7256.923972517732,6970.947906972702,6031.4905996697835,2442.616574980665,3760.5359619209316,2718.748953297925,29530.403555306173,27241.13198184455,50661.97163320373,36465.75621858771,21772.121504244467,34081.86204497722,10295.285051627592,17386.743563600416,16264.387687801134,27951.828164952738,21188.52720170802,39300.316117075294,30960.09042108729,36299.09578017641,23427.45185887603,20014.78344519895,33693.526952548506,21244.86890773115,27998.256983825253,23761.644459212774,16336.717908603134,25507.55504354263,41867.67511190199,42010.009920210665,58514.29150830595,50503.36495546192,47282.448095321284,18336.66405174586,22124.935437011256,15487.236575902818,37460.52880788242,23698.913355278048,34162.68552506598,6540.255637334152,26323.753847795848,15696.972213777099,15091.839454561334,62122.37851389972,40671.28383467742,37813.19420618525,48868.39488262687,20057.223713156553,65675.8606274559,44952.795936666414,50546.68914010876,29552.028628070024,40616.97284727925,47206.95369107181,57534.997593199194,70000.07659874561,62236.71542454507,29436.90767190579,52949.44183438681,72273.41881084317,80633.3480585257,53935.90290409123,74459.42702285945,49795.10518048939,34531.26880556358,47762.351936629355,0.0,4485.169029638394,4643.962982199488,31754.503795253164,8731.303649903692,6406.957233787027,8168.095309881493,18650.001904008262,8330.80926944721,28076.596916279508,7078.286864836762,40221.22255287724,24625.448845302522,14589.088761189518,35602.11236377548,26616.610978405566
6,3122.91221065925,3118.22950061596,12591.438990141904,2336.304938188525,0.0,0.0,0.0,1411.5564744183164,0.0,5537.882209768471,16157.314067942048,21870.80056960467,24432.608016894632,11766.030356713352,12171.941935748744,16002.569567014973,23715.83279503563,8775.90835835685,18884.9796185002,11630.892333559283,20348.677181754898,14005.592635207382,11852.047692353017,6744.070931718694,11549.101360586383,16368.106803131866,6846.706601060961,0.0,0.0,14.293400572541785,0.0,0.0,2724.1967101637856,1118.6750689731543,27633.071676962772,24824.30951926205,46664.60694193112,33217.118796736264,17737.200271854606,29357.982289011146,6034.968517399191,10678.721995376092,15278.566907085935,21606.90284107012,15502.251212722866,35053.514280905205,27303.346386725418,31848.76068388234,23675.08550850728,19625.775164698283,33989.6247347096,21366.709008141792,29348.12247531499,24907.2699410049,17710.035481800947,27671.880831751398,41189.40873715501,42183.35901330124,59223.44127769896,50836.3328403689,48187.99232590247,19537.06673421905,23407.114049678512,16071.89413959922,38358.06821407544,23642.04482150998,32305.222666099828,4775.554494011955,27441.700073520675,13171.477197430642,16164.500801228438,60864.20735702861,41059.93663072278,35251.938657417515,47199.08765372198,20553.252396538515,63244.402888437435,43740.133010858095,52172.58021865742,30778.381586125925,42572.10293715634,48554.18715254045,58970.31272701332,71420.82809482621,63883.260029513534,31563.248807040916,54819.90317048274,73714.31093698088,82031.43786497113,55164.893209598,76055.64093277599,51830.88798073249,36691.073659845926,49853.137376665814,0.0,4820.6319910954235,6494.171946820276,33989.15360167456,10164.852050985286,8808.793261774064,9112.743738744703,20677.436762646008,3456.8461546170383,23310.881101165163,4542.228290190783,39118.119350102235,21188.97582027917,13343.402943203311,35349.395563691396,28164.197482059284
7,1404.5148971079968,5823.079593395665,12458.776219466443,0.0,2290.738113566145,1317.8531052215815,1411.5564744183164,0.0,0.0,1386.196332426003,9690.924168120135,16926.02798345893,19543.281957111783,8616.972159052486,5677.754411215013,9466.228064066032,17853.975016463828,2248.699682236246,12512.27776363963,10046.4828113293,14551.804791467339,6944.668039095457,20779.421988949613,13567.294017797363,20589.23278528347,25320.792236291534,15518.952559251888,6188.77290136873,8755.20448492388,8247.397963024003,7153.9872892950125,5877.484543874229,7831.446404490267,6360.077121387376,19102.24968598971,17734.339515568656,42601.99325050285,27245.49015361626,15073.735663331583,29912.99985436666,7600.758048927795,17616.32348462588,5635.701230722681,26685.193559006264,20034.841574818678,32670.883048390922,23344.21086880228,30190.111664247273,12023.504288950437,8449.021904482288,22332.710417968745,9474.382473678472,21741.348308002114,16683.23417472396,10473.57031170192,21173.838315854926,30194.40615315593,30330.0547023961,48049.833267351176,39169.038199419985,38007.59858162526,10650.35080688928,15650.809085478973,5741.366152488793,28317.900219603478,26791.787044434335,38146.002702795726,10399.655084252912,27034.510812622946,19164.614452758215,16385.744828552055,66058.50743835366,42752.303957325166,41365.957333479404,52959.58456583009,21584.10305818227,69430.34366218865,48923.02609799915,49398.26349457754,29926.355701305947,38564.59755064384,47190.601850910854,57103.877379758254,69524.98170909705,60919.38555574464,26811.946666648975,51112.47295241509,71685.28842615553,80228.7769553869,54284.16412874181,73292.5414329845,47374.587237529435,31689.485389885533,45078.33847777601,0.0,0.0,0.0,27508.340806432192,2724.4945329585103,3445.354345417922,2.546191131005831e-05,15440.377516739181,7264.399969225788,24768.92960722983,1.935093404695252e-05,28722.852554465524,27911.978504541632,18761.95941625516,38659.20439536767,25613.988038162104
8,5118.048375767387,7184.018562894298,16100.804889341613,3491.414362830158,3411.6790481145035,1811.8821360277075,0.0,0.0,0.0,0.0,14203.98862431452,22027.305178011407,24615.766023736905,13275.119264374367,9161.183061716794,13396.80047764559,22735.608903219174,6973.384282624199,17139.822981197107,14168.133405842227,19510.575901370255,10223.697320792047,12720.045090065158,9597.53368124298,13311.086018846063,17137.746640311972,6839.359160054655,0.0,2712.2142495721487,2065.6826233884854,971.2190873360627,2596.052131967725,7406.896732457405,5654.6425796584235,20002.728858887647,17030.255778148938,38962.85891951973,25261.539353121323,9994.8103039022,22469.290025244172,0.0,7918.9020463750885,8033.3588917429715,18014.710351369715,11284.780041984242,27505.93078503151,19412.744867483056,24464.691430506686,17784.039429905308,13518.911817599968,28099.83440801252,15505.696845633254,25066.522613817575,20053.254758615687,13756.454540211234,25283.589880592048,34702.92510220921,36309.86491031401,53488.075628695515,44948.00932339709,42670.122055933316,14295.818188816702,18980.709715834124,10361.101953461857,32854.437446342876,28281.238876873358,35614.74993585969,9447.946188097929,31208.28003210891,15889.537546410294,20054.299485486586,64628.99703529877,45594.94988879085,38077.7275201248,50585.53306799726,24945.887176921686,66155.99252873966,47629.03821715302,54285.44370667822,34452.22075627774,43628.712216521664,51732.62696484866,61802.24600896473,74251.58282055764,65856.14016984179,31913.987368397633,56152.82214132155,76445.53819410907,84938.88061316578,58697.98108427659,78208.54100459114,52474.54605380497,36742.518964908515,50148.872593230815,0.0,0.0,3236.1848766923727,31627.238313051603,6046.242577829783,8409.279231063838,3396.3277805676544,20447.729392532012,0.0,16672.600314633914,0.0,32194.873077112134,24121.742319748104,17359.80432629204,40014.32559182649,30515.241470266737
9,8154.36552641922,10858.7928492537,19348.589628019552,6610.569851297044,6782.974442582794,5650.438138934893,5537.882209768471,1386.196332426003,0.0,0.0,16497.20466032426,24959.573441206325,27483.485559204197,16428.49016533452,10996.840040354211,15284.922022709778,25256.224883705934,9789.459142651827,19272.191346571966,17327.48275697238,22213.088206744105,11165.875456516193,22403.84931499317,17377.920280663453,22724.84300736994,26880.702019788754,16371.770596421324,8118.54537058048,11314.447032522221,10647.167918222467,9552.852214827715,9946.214117183004,12157.054183150638,10508.972701727767,19985.41113075593,18134.814444549687,42253.12328843643,27622.539079385333,14057.075681834218,27553.969083635096,4493.305092700019,17160.90732213583,6550.847075498249,24508.344733846487,17811.69058821988,31441.433434036626,22578.557493293378,28809.31445926074,14827.042375162247,10343.37645390017,25090.148198230676,12009.91690827448,25237.888845319685,19771.57813442963,14398.848609961426,26844.45092602504,32177.11421000727,32902.69845840867,50896.06387975982,41889.57771891333,40954.07233325767,13472.01468172025,19136.291765747577,8414.885238035627,31262.655731349838,32448.38227150035,42294.17320585499,14582.130483146037,34351.32789944561,23251.315580935207,23511.86424967843,70665.2169475773,49277.63462637186,45445.50635460963,57156.25138671688,28599.498283269797,73539.32547700616,53506.251320031944,57414.20656140221,37601.42072931541,46643.90859729144,54900.089516291744,64965.31814226216,77412.56814232476,68967.46703532063,34831.84956408291,59195.786041632186,79602.67896299226,88101.68511831538,61858.53754884785,81330.64014976437,55397.86424554816,39489.0832972811,52899.293363767545,4105.93991252398,0.0,3294.1081022292124,33251.073044775905,6876.300444675693,11479.510625523379,2821.2728655472456,23217.480952235084,5800.6793836573415,22131.46749451205,0.0,30475.399242381,31867.67503829752,23067.120755309552,44354.10966671604,33635.695488927304
10,9339.328154500367,12353.549696204122,12185.181055805513,9394.622628787967,12760.963459577975,14005.648215007324,16157.314067942048,9690.924168120135,14203.98862431452,16497.20466032426,0.0,6395.908259718294,7869.942286837525,3464.1332685312323,2011.2183514120043,277.0300668981543,5195.844249883003,5161.393349023448,0.0,10450.595930526402,2691.181343432264,4374.969777149927,36630.04091349838,26042.493494310827,35946.192497974494,41060.38331409715,31749.026513268585,22627.168176676176,23105.504698930927,24432.511089697873,23444.79108435587,18112.211319177793,16556.35345118533,17382.293281857645,35202.890197433946,34427.77531663924,59793.59205631979,44068.853648826116,32514.459525417715,47001.85044999197,23831.758664906112,34408.05866560402,22640.87265044739,43605.36454312064,36946.81255218846,50118.10696668035,40767.457214318216,47629.54511670318,19115.25335779441,23557.103029344344,27358.334952411762,21195.10511963682,14553.970452419366,13510.604731801617,4542.689472960814,8652.175539300937,41984.65296012453,37781.718670467584,49251.33973743123,43051.47189375978,36652.583579096354,9030.497266080929,9704.447014657264,13486.971791812166,27805.790795252593,26857.988340232234,40553.979751970764,14931.787794440057,22372.88801360595,26428.888982548102,14054.063887139551,66430.24081395454,38991.65806629987,47135.576345807734,54602.154579469316,18759.0219709266,73293.18928668946,49833.149223132416,39580.26889838065,23073.737463060155,27456.218345232108,38743.92546961149,48234.162059928516,60334.87275689984,50589.34957468572,15083.758548026122,40041.24835057215,61986.85862338873,71015.0930300156,46860.75536130178,62930.967171475604,35498.885615290696,19499.500351459,32874.81512996902,10896.955316003381,12849.01137250175,1825.69808395344,14860.943496846763,0.0,473.2887199385095,9288.97781588589,3770.514394224873,24276.423468971974,41657.97285786351,16956.355060336842,41803.393806466316,34251.91576098589,23697.56470537426,37679.17711187957,15211.374842614667
11,11193.680820236183,12823.340770193749,10772.377759033332,15973.638784946304,17556.869554800076,19685.71927261884,21870.80056960467,16926.02798345893,22027.305178011407,24959.573441206325,6395.908259718294,0.0,512.9558993003138,152.0583621331545,11357.61529264899,9256.014250054368,2811.8724629394283,12501.742224327776,2853.1458253630512,7077.2679584584375,203.48682058313238,13893.142805358997,40923.432477720315,28482.308219992534,38446.10240313678,45018.63598130786,36776.643483226806,28573.05747464684,25467.708588642014,29936.947013688863,29152.14497511053,22443.65741098103,18117.808914425634,20838.724067950916,44623.08760559955,43805.41328896167,69078.8214339666,53438.75378435104,41495.91315747847,55474.99918962681,31902.316339952195,40603.46377009976,31905.56922627277,50975.69599308021,44205.109382174036,59111.8661648914,49869.89639665076,56562.941629451496,28119.252208361086,32984.16860843117,35838.956565828834,30754.978957290783,19554.51333138751,22108.809218974016,11555.28387890083,9271.322603996185,51369.256428273366,46731.62055119668,56355.76917804184,50871.09567909098,42199.63278040329,17185.61023440231,17609.744426834277,23023.09477317157,32394.2305862389,22483.33202446811,36062.692511810405,13758.261836359443,15202.171267894586,26165.957866046847,8157.436305035516,60674.12637686,31407.41701206999,44268.354583725246,49357.5073950927,12617.76842234471,69186.38635261478,44765.50566698466,30999.595749816268,14839.862638507311,19398.054239449895,30041.312947773495,39524.858716921524,51673.46676968115,42203.06028361727,7664.1891839466025,32003.144766362933,53428.56709576954,62369.55490720168,38199.63415355005,54580.42972879956,28163.73741180406,12771.5328426077,26005.077947734724,18006.43851560335,20969.4412845583,8288.989133587542,12407.966802248538,3612.201347319714,1884.87518966803,18203.548921368645,0.0,31235.706081042765,49880.82150884608,26136.685772451572,51355.92307668155,32445.233754206958,21616.332727972032,31875.921459216454,7295.35797225459
12,13472.910591323862,14930.50386505591,12315.954339749092,18662.68031003745,20116.95463351225,22282.619730473347,24432.608016894632,19543.281957111783,24615.766023736905,27483.485559204197,7869.942286837525,512.9558993003138,0.0,2731.5119021759874,13314.401769153112,10343.033905050921,0.0,15004.031617554525,3236.45396375578,7146.538566485989,0.0,15139.316858562579,43356.168899119395,30780.343712808877,40654.73297617147,47409.63680171472,39276.591777574395,31135.813272586314,27772.882812616397,32479.74323196776,31705.301601406893,24953.96604386125,20354.036651648268,23304.418061034557,46362.55168843336,45677.97718640389,71091.64044237921,55321.526293324685,43766.18841486825,57963.57897252307,34464.87303959878,43159.51966731069,33948.943810482924,53652.50427267305,46867.39871197354,61382.62337339017,52061.07728742878,58868.76594877344,28514.44660499236,34678.3739001098,35843.55200790609,32018.426124508067,17203.38259990136,22398.054904588123,11442.705992239906,4731.403489641,52064.54817440605,46986.2441309465,55035.75889137129,50348.60550149917,39608.892306423,17431.69276379882,17432.104191192986,24144.31610440909,28469.07092270193,22937.413324728754,36252.24585677695,15527.277279900196,14416.79844962497,28024.546075936192,5986.607891767732,60065.99473868093,29932.040782936867,44962.1326439866,49276.792017441316,12819.386519168183,69232.18627651801,44228.76985836523,27518.606922594096,12844.868982759692,15175.064245243224,26724.64526808616,36221.46080875609,48270.81687273049,38272.665245795484,2086.6146791117562,27474.87573251335,49934.990118863556,58948.6694494793,35292.92334066243,50631.07719469532,22515.20087882351,6490.662808817929,19826.341001550463,20655.510866803244,23470.88278083168,10972.68054247466,5384.731506246563,6345.391316123081,4206.712673926206,20453.523976973967,0.0,33899.60661986703,52436.468831581136,28255.709688666946,52368.469631767526,33855.03280928504,22191.042972393883,31664.511124614863,3288.0036822957545
13,487.7379181653669,2755.9005074219244,1441.052628261353,7271.832270191037,7467.836126305418,9753.102893442674,11766.030356713352,8616.972159052486,13275.119264374367,16428.49016533452,3464.1332685312323,152.0583621331545,2731.5119021759874,0.0,8512.894227988383,6175.382940931406,2171.4535370740286,5964.617559536453,337.9482340387895,0.0,7.064223913670163,10898.07094316094,30405.60131261362,17771.098847647747,27746.19743918842,34403.115702804265,26537.244700576637,18454.642401145393,14758.709958165457,19732.019691231373,18981.50375276044,12203.022330546319,7425.435098105906,10549.554316957125,38804.24059647434,37411.12072814818,61933.605846116276,46923.52121352013,33729.371198101544,46675.215559785305,22810.62023454329,30437.14192026844,25380.447091666563,41138.93142231466,34400.45127228997,51168.551807435404,42311.15513470359,48413.38655855563,24977.24318340964,27695.676653154125,32709.701437533207,27176.431574487928,17184.952008046166,18965.526363571633,8452.589986433053,8705.15472389107,48262.87826777756,43587.0806028605,53474.43484140966,47838.7798081533,39641.42552977168,14048.02395875331,14485.69894894129,19505.925813056987,30337.464371414844,15267.945153460336,28793.320438374194,4453.018214286128,8030.220441434526,16172.820897147587,1879.3685135315568,53307.37825804085,24596.518493857766,36255.120957636194,41997.25820083953,5319.7095661771755,61921.2691129409,37422.95905107038,28996.24146332076,9266.479325781513,19561.690706330093,26455.401000819857,36347.62285993988,48789.422273612705,40677.44402118447,9684.49355586048,31718.85142507179,50982.597728229855,59481.872066756325,33669.21661643497,52923.07898660348,28932.951966851466,14862.663173749828,27737.56707036538,9220.220859309999,12950.507931512257,311.93351064726045,12806.413946012291,764.4138998165423,0.0,12019.146953277757,0.0,21477.8569447128,40844.20663456301,18594.619297810394,47554.69649832412,23578.617011569386,13323.491656904134,24504.689002305826,5135.273785098898
14,6074.99541544123,11136.677649873165,13652.994098097617,5714.511239660426,9743.35283156816,10565.041002076776,12171.941935748744,5677.754411215013,9161.183061716794,10996.840040354211,2011.2183514120043,11357.61529264899,13314.401769153112,8512.894227988383,0.0,366.23030029067866,10495.639016951653,2312.5131948213657,4454.864921586116,11272.554194205388,7984.259532634532,77.4962478313999,32919.650734946285,23422.573281046192,32460.00165357896,37424.9605541941,27812.193105904807,18502.97255909315,20801.32708272708,20469.634243103614,19414.87407698559,15076.820577562667,14905.681484862025,14853.76427130444,29665.79662553796,28793.42218414322,54086.749872788954,38423.44257226774,26781.32294644647,41388.8612129334,18521.35445605096,29875.331973749122,16917.943687732906,38468.626186978894,31780.747882138858,44378.67979866785,35023.74994390195,41897.69573112974,15174.70305476306,17996.002879420877,24060.10640877759,15967.526505569665,12966.588324368246,10542.585979775398,2168.642707258563,11672.894578889704,37169.12603067766,33893.59877189928,46610.992318427205,40097.340634081476,34416.36530757921,5578.619465233926,7472.55261874282,8155.115119602945,25072.41374215019,28888.87318817236,41957.35418283039,15413.340990123312,25748.13669478904,25849.606220264206,16429.360404712283,68688.41446775114,42348.42046407613,47430.14289710315,56446.977669102474,21484.196069047335,74377.95372840037,51784.01440270853,44787.416231741234,27252.64461260908,32910.86017099229,43767.01422165643,53227.38170018251,65436.35467712973,55941.086432928256,20578.184024296294,45518.38267507563,67216.23054583554,76139.61075767009,51443.10727266507,68305.4066215701,41008.763692725726,24984.12113994057,38247.40298799005,6833.585156942167,7794.609553133913,0.0,17980.08537714306,0.0,4066.63359089094,3614.451449532845,9049.116817006918,19455.45349256944,36151.157509284145,11212.970558928411,36607.24822847274,34332.05438284738,23430.992285857268,40192.183696421824,20704.694761070303
15,9437.40499431243,13710.741357076968,14440.52125165203,9406.244357062995,13134.680920963809,14085.169659463809,16002.569567014973,9466.228064066032,13396.80047764559,15284.922022709778,277.0300668981543,9256.014250054368,10343.033905050921,6175.382940931406,366.23030029067866,0.0,6487.207964496645,5366.464959559254,1042.1524780800996,12456.65875477336,4914.758872170663,1568.2238696541667,36669.14708935047,26574.085895607557,36092.71035595492,41141.450663387855,31666.58218295123,22433.846552411007,23752.468532925403,24320.964023747973,23298.34339335249,18396.32384230899,17651.149723165203,17873.461762401053,33050.247044900534,32437.478661051045,57906.928422880774,42078.56667393604,30917.961047787954,45646.24324132089,22794.62837087866,34006.90697580779,20859.012401560936,42732.47715420499,36045.564452837185,48476.78698387488,39069.56367651396,46028.330769068445,15115.77467187949,21387.081204082107,23207.357373123155,18189.942722291722,10241.331123237156,9345.799139174658,567.0369049770547,7868.88021306295,38301.4317059528,33776.675479957405,44902.92238323124,38789.34553078716,32278.79048355279,4701.161590088399,5347.339546390738,10268.083742623357,23470.386366585277,29367.09841434601,43009.14597941321,16921.077405729866,25257.83862789662,28051.8432594798,16614.847408810325,69022.88826358535,41902.18618363195,49218.412001622455,57145.0452443818,21444.186311351878,75645.19639543348,52360.450362388125,42095.49853523214,26028.790105478318,29649.895956809858,41386.906854137764,50883.58960915743,62905.718874284925,52857.39041444711,16724.874923126208,42128.068481772665,64450.87772412929,73565.54284145021,49691.385590979065,65189.112773749555,37201.52850848824,21197.40178768407,34364.294572496045,10653.32336178596,12020.151725345955,1226.6058612763486,14223.862088117261,0.0,3213.7058776157014,7864.468253221487,6459.099701041961,23651.364759821055,40435.59845607883,15292.492886550806,38459.995544843885,36230.19607995667,25470.862319432286,40321.52171070781,17425.058653755445
16,14585.192529406548,16643.98162567611,15161.488142614595,17176.409264337984,19526.698079258047,21392.511323127947,23715.83279503563,17853.975016463828,22735.608903219174,25256.224883705934,5195.844249883003,2811.8724629394283,0.0,2171.4535370740286,10495.639016951653,6487.207964496645,0.0,13175.928543997887,0.0,10743.512446430732,0.0,10593.346867695927,43489.552771489,31624.02474181097,41762.077839200065,47741.41266665929,39006.38717917181,30303.511121466716,28618.26975723732,31888.559164520902,31001.445149381856,24759.915710945865,21557.575734889302,23445.26548398559,41747.645764612746,41492.53100865102,67043.61510817813,50988.02710467651,40982.39685548733,55772.34006217665,32498.08917210603,42318.749786519584,30659.379907408307,52083.47603362427,45413.84587336646,58383.7537133143,48887.24411720057,56020.98832782573,21108.409892117743,30161.01860775982,27746.598988188525,26438.797252627977,9437.6872859782,15067.369210507159,4027.5331309327303,0.0,44879.9447078715,39134.65682433609,46745.72297920502,41771.153011316776,32148.31463336149,10385.28417880726,9388.168120130078,18122.43289423349,21819.605798095945,26219.497767631463,39591.137221990044,17957.189309007754,17994.122662835245,30170.109008601197,9665.341607845428,63697.30238961836,32889.86523278857,48171.564893243594,52658.2788059094,16131.471565126098,72607.5601126504,47397.91282653862,25850.955694159402,15139.706037767988,12899.61577816462,25832.858489153812,35171.4137902938,46680.527792927925,36016.16417560931,0.0,25234.34079664679,47899.22552814414,57210.0538750449,35494.154805815386,48371.60033173768,19750.866844602275,4403.732421570559,16611.94160948481,19026.154333994677,21468.88824671463,9678.507854503667,0.0,2383.310543766508,2372.8816611309,18066.02411217602,0.0,32521.127873836696,50390.327780006744,25405.580314991665,45740.486155211474,36787.29087079301,25407.907545199065,35083.837562501416,2309.014410689995
17,2413.6114425059923,7537.6710303613145,10735.419756359372,2194.20797872769,6093.006275801224,6940.319287366384,8775.90835835685,2248.699682236246,6973.384282624199,9789.459142651827,5161.393349023448,12501.742224327776,15004.031617554525,5964.617559536453,2312.5131948213657,5366.464959559254,13175.928543997887,0.0,7863.584472655032,8277.299948063965,9901.257893496691,4911.63950648719,29446.63532737323,19759.52601575364,28912.42581693948,33929.1670415092,24435.359805386546,15225.626682898688,17135.929216476496,17091.53488761659,16075.316406250835,11419.01273414894,11242.73665718967,11187.968378296082,30405.168376899775,29252.6973832144,54115.27276110188,38776.67524720342,26271.157111942928,40230.11659693911,16792.284213515104,26955.371725703488,17124.503455548896,36324.15965148264,29685.843691047274,43866.33124866094,34707.32563747729,41296.09479953416,19628.233111151538,19153.475453714873,29215.142028593054,18629.506498677983,19916.41135778127,16553.27061677789,8376.175913033572,16678.226541134194,39988.755605974286,37941.78484479906,52383.96766955874,45464.55095980978,40598.81183164321,11119.901596122018,14280.342766957503,11110.150732670454,30919.139640152287,25914.55896594783,38821.8302688317,12279.930237469152,24281.997233820835,22575.53446718876,14073.883807737382,65687.17053731569,40600.22376570986,44217.90969023847,53374.18861448497,19327.863381828767,71219.40076327093,48734.62544173685,45447.20131950561,26598.93752148136,34271.07616035618,43761.34747474279,53427.95841255439,65789.32337908908,56870.10151812035,22343.568648737462,46869.95600728401,67818.79447770868,76504.75857511879,51004.89879145154,69254.12675465552,42908.974645226204,27120.872118168078,40529.73145343171,3451.7410492239565,5763.455970779328,0.0,22972.78159806825,772.9765360962166,1461.3531885565828,3452.7706510166754,10825.815963958588,16879.514230571243,34732.64731774723,11309.240990708346,38986.31255321879,31121.23289854737,20216.367616242507,37497.85452864816,21724.680735505553
18,11617.529230640665,13980.039517379622,12594.95979734303,12071.203730479312,15093.663055921455,16589.19666219093,18884.9796185002,12512.27776363963,17139.822981197107,19272.191346571966,0.0,2853.1458253630512,3236.45396375578,337.9482340387895,4454.864921586116,1042.1524780800996,0.0,7863.584472655032,0.0,10536.858798324052,0.0,5826.500816452726,39136.47502247481,28122.236792157517,38338.15959985348,43518.302467253685,34370.17483991526,25350.03727380768,25180.045632437916,27094.330232375672,26134.08256291995,20464.282619433943,18441.355303834483,19511.70529870283,37155.0581955448,36529.01819066203,62010.0639854538,46167.63912533821,35037.25875189176,49713.44522901488,26692.757921687575,37219.7958046223,24970.11671881515,46527.48801296994,39859.479570165175,52598.485372666124,43188.975235229474,50148.853030360355,15604.359200769442,25466.36431650521,21729.20434437806,21037.703500713855,3735.3383535399757,9791.087073667157,0.0,0.0,39279.44920470208,33179.78020321074,40677.143675194384,35688.45260325124,26194.31047520883,5708.936061640253,3720.322630472407,13596.261187957207,17048.704146666314,25861.80229061425,39686.77598214521,15698.243042711745,19648.015441692336,27514.006100115697,12808.877761176256,64929.19039844798,35991.27333627963,47076.62008177794,53353.55169018568,16752.11412833871,72632.74025833495,48661.36228497386,34995.15943619542,19518.827695377735,22740.37120009725,34302.44656769144,43799.27078353994,55798.6372092522,45550.78980565773,8614.050393344878,34669.33529083632,57371.82527628541,66459.29884714406,42754.72020884895,57899.58047032818,28862.471352154444,13665.498665256206,25740.487314839367,13714.39518640297,15758.020248821975,4609.302762118751,4186.861410740917,0.0,0.0,11935.404517534926,301.91871081210286,27181.331804325662,44445.648727560045,19413.703731900754,40444.24861001562,34629.55223641106,24634.532346133266,36083.38093158035,10487.44246529055
19,3.710915647222779e-05,1423.4066612301315,0.0,8621.910473328715,7571.449307953698,9908.359248120698,11630.892333559283,10046.4828113293,14168.133405842227,17327.48275697238,10450.595930526402,7077.2679584584375,7146.538566485989,0.0,11272.554194205388,12456.65875477336,10743.512446430732,8277.299948063965,10536.858798324052,0.0,8440.139080822217,14550.335641848222,29644.841005767354,17163.872483317256,27137.15739135586,33690.29304417091,25704.79817965149,18160.0250574519,14147.246538342737,19215.005223399836,18569.603395290815,11527.451344636456,6866.7122489161775,9686.175661030164,40367.35704982916,38750.067384534144,62982.844832012684,48237.78997883793,34437.32180428171,47109.30820186165,23192.861398226254,29952.75917058421,26879.393387092354,40790.75763914494,34282.56168735325,51953.40684790754,43292.60459411191,49073.749006322534,29806.956228586652,29496.211783495408,38974.48352991734,29224.491115210494,27339.508216875216,25551.200701275015,17144.06783078094,16977.190904532225,50591.961171092415,48385.759663417535,61630.49456152698,55070.95462333431,49327.98029467877,20487.034071815146,22307.893272306723,21709.36812465679,40090.06004406788,12426.969233822536,26223.252573059846,2507.61944506086,6067.496919512726,14774.210865558824,0.0,51227.03538841215,22421.222288752593,33758.94916251899,39715.360468630024,3072.373147018813,59233.58577734258,35071.991670316565,25543.60352810241,6415.076467836236,16067.150848385454,23448.921104943085,33102.14733474565,45509.07610317195,37203.03645385469,9185.422869715167,28211.335799867626,47669.06064821082,56215.91971198297,30750.15164494618,49478.30099391418,25448.41084642027,13693.742967346816,24774.378322387944,9999.146469149615,14224.030269794746,2208.057756459476,17448.142017910337,5454.244915013822,0.0,13982.043844898215,0.0,21506.070158696653,41174.132180785295,19392.1518823895,49523.08256329573,21357.503849584977,11471.109390807305,22365.8830339992,1877.4761721753598
